0.5 0.5
0.5 0.5
0.5 0.5
0.437 0.437
0.437 0.5
0.437 0.5
0.437 0.5
0.375 0.437
0.375 0.5
0.375 0.437
0.375 0.437
0.375 0.375
0.437 0.375
0.312 0.437
0.312 0.375
0.375 0.375
0.437 0.375
0.375 0.375
0.312 0.437
0.312 0.375
0.312 0.375
0.312 0.375
0.312 0.375
0.375 0.375
0.312 0.375
0.312 0.375
0.312 0.375
0.312 0.375
0.375 0.375
0.312 0.375
0.312 0.375
0.25 0.375
0.25 0.375
0.312 0.375
0.25 0.375
0.25 0.375
0.312 0.375
0.25 0.375
0.25 0.375
0.25 0.375
0.25 0.375
0.25 0.375
0.312 0.375
0.25 0.375
0.312 0.375
0.25 0.375
0.25 0.375
0.25 0.375
0.25 0.375
0.25 0.375
0.25 0.375
0.25 0.375
0.25 0.375
0.25 0.375
0.25 0.375
0.25 0.375
0.25 0.375
0.25 0.375
0.25 0.375
0.25 0.375
0.25 0.375
0.25 0.375
0.25 0.375
0.25 0.375
0.25 0.375
0.25 0.375
0.187 0.375
0.25 0.375
0.25 0.375
0.25 0.375
0.25 0.375
0.25 0.375
0.25 0.375
0.25 0.375
0.25 0.375
0.25 0.375
0.25 0.375
0.25 0.375
0.25 0.375
0.25 0.375
0.25 0.375
0.25 0.375
0.25 0.375
0.25 0.375
0.25 0.375
0.187 0.375
0.25 0.375
0.25 0.375
0.25 0.375
0.25 0.375
0.25 0.375
0.312 0.375
0.25 0.375
0.187 0.375
0.25 0.375
0.25 0.375
0.25 0.375
0.25 0.375
0.25 0.375
0.25 0.375
0.187 0.375
0.187 0.375
0.25 0.375
0.25 0.375
0.25 0.375
0.25 0.375
0.187 0.375
0.187 0.375
0.25 0.375
0.25 0.375
0.25 0.375
0.312 0.375
0.25 0.375
0.25 0.375
0.25 0.375
0.25 0.375
0.25 0.375
0.25 0.375
0.25 0.375
0.25 0.375
0.25 0.375
0.25 0.375
0.25 0.375
0.25 0.375
0.25 0.375
0.25 0.375
0.25 0.437
0.25 0.375
0.25 0.437
0.25 0.375
0.25 0.437
0.25 0.437
0.25 0.437
0.25 0.437
0.25 0.437
0.25 0.437
0.25 0.437
0.25 0.437
0.25 0.437
0.25 0.437
0.25 0.437
0.25 0.437
0.25 0.437
0.25 0.437
0.25 0.437
0.25 0.437
0.25 0.437
0.25 0.437
0.25 0.437
0.25 0.437
0.312 0.437
0.25 0.437
0.25 0.437
0.25 0.437
0.25 0.437
0.25 0.437
0.25 0.437
0.25 0.437
0.25 0.437
0.25 0.437
0.25 0.437
0.25 0.437
0.25 0.437
0.25 0.437
0.25 0.437
0.25 0.437
0.312 0.437
0.312 0.437
0.312 0.437
0.25 0.437
0.25 0.437
0.25 0.437
0.25 0.437
0.25 0.437
0.312 0.437
0.25 0.437
0.312 0.437
0.312 0.437
0.312 0.437
0.312 0.437
0.312 0.437
0.25 0.437
0.25 0.437
0.25 0.437
0.25 0.437
0.312 0.437
0.25 0.437
0.312 0.437
0.312 0.437
0.312 0.437
0.312 0.437
0.25 0.437
0.312 0.437
0.312 0.437
0.312 0.437
0.312 0.437
0.312 0.437
0.312 0.437
0.312 0.437
0.312 0.437
0.25 0.437
0.312 0.437
0.312 0.437
0.312 0.437
0.312 0.437
0.312 0.437
0.312 0.5
0.312 0.437
0.312 0.437
0.312 0.437
0.312 0.5
0.312 0.5
0.312 0.5
0.312 0.5
0.312 0.5
0.312 0.5
0.312 0.5
0.312 0.5
0.312 0.5
0.312 0.5
0.312 0.5
0.312 0.5
0.312 0.5
0.375 0.5
0.375 0.5
0.312 0.5
0.312 0.5
0.312 0.5
0.312 0.5
0.312 0.5
0.312 0.5
0.312 0.5
0.312 0.5
0.312 0.5
0.312 0.5
0.312 0.562
0.312 0.562
0.312 0.5
0.312 0.562
0.312 0.562
0.312 0.562
0.312 0.562
0.312 0.562
0.312 0.562
0.312 0.562
0.312 0.562
0.312 0.562
0.375 0.562
0.312 0.562
0.375 0.562
0.375 0.562
0.375 0.562
0.375 0.562
0.312 0.625
0.375 0.562
0.375 0.625
0.375 0.625
0.375 0.625
0.375 0.625
0.312 0.625
0.375 0.687
0.375 0.687
0.375 0.687
0.375 0.687
0.375 0.687
0.375 0.687
0.375 0.687
0.375 0.687
0.375 0.687
0.375 0.687
0.375 0.687
0.375 0.75
0.375 0.75
0.375 0.75
0.375 0.75
0.375 0.75
0.375 0.75
0.375 0.75
0.375 0.75
0.375 0.75
0.375 0.75
0.375 0.75
0.375 0.75
0.375 0.75
0.375 0.75
0.375 0.812
0.375 0.812
0.375 0.812
0.375 0.812
0.375 0.812
0.375 0.812
0.375 0.812
0.375 0.812
0.375 0.875
0.437 0.875
0.437 0.812
0.437 0.875
0.375 0.875
0.375 0.875
0.437 0.875
0.437 0.875
0.437 0.875
0.437 0.875
0.375 0.937
0.375 0.937
0.437 0.937
0.437 0.937
0.437 0.937
0.437 0.937
0.437 0.937
0.437 0.937
0.437 0.937
0.437 1.0
0.437 1.0
0.437 1.0
0.437 1.0
0.437 1.0
0.437 1.0
0.5 1.0
0.437 1.0
0.437 1.0
0.437 1.0
0.437 1.0
0.437 1.062
0.437 1.062
0.437 1.062
0.437 1.062
0.437 1.062
0.437 1.062
0.5 1.062
0.5 1.062
0.5 1.062
0.5 1.062
0.5 1.062
0.5 1.125
0.5 1.125
0.5 1.125
0.5 1.125
0.5 1.125
0.5 1.125
0.5 1.125
0.5 1.125
0.562 1.125
0.562 1.125
0.562 1.125
0.562 1.187
0.5 1.187
0.5 1.187
0.562 1.187
0.562 1.187
0.562 1.187
0.562 1.187
0.562 1.187
0.562 1.187
0.562 1.187
0.562 1.187
0.562 1.187
0.625 1.187
0.562 1.25
0.562 1.25
0.562 1.25
0.625 1.25
0.625 1.25
0.687 1.25
0.687 1.25
0.687 1.25
0.625 1.25
0.625 1.25
0.625 1.25
0.625 1.25
0.625 1.25
0.687 1.312
0.687 1.312
0.687 1.312
0.687 1.312
0.687 1.312
0.687 1.312
0.687 1.312
0.687 1.312
0.687 1.312
0.687 1.312
0.687 1.312
0.75 1.312
0.75 1.312
0.687 1.375
0.75 1.375
0.75 1.375
0.75 1.375
0.812 1.375
0.812 1.375
0.812 1.375
0.812 1.375
0.812 1.375
0.812 1.375
0.812 1.437
0.812 1.437
0.875 1.437
0.875 1.437
0.875 1.437
0.875 1.437
0.875 1.437
0.875 1.437
0.875 1.437
0.937 1.437
0.937 1.437
0.937 1.437
0.937 1.437
0.937 1.437
0.937 1.5
1.0 1.5
1.0 1.5
0.937 1.5
1.0 1.5
1.0 1.5
1.0 1.5
1.0 1.5
1.0 1.5
1.062 1.5
1.062 1.562
1.062 1.562
1.062 1.562
1.062 1.562
1.062 1.562
1.062 1.562
1.062 1.562
1.062 1.625
1.125 1.625
1.125 1.625
1.125 1.625
1.125 1.625
1.125 1.625
1.187 1.625
1.125 1.625
1.125 1.687
1.125 1.687
1.187 1.687
1.187 1.687
1.187 1.687
1.187 1.687
1.187 1.687
1.187 1.687
1.187 1.75
1.187 1.75
1.25 1.75
1.25 1.75
1.25 1.75
1.25 1.75
1.25 1.75
1.25 1.75
1.25 1.812
1.312 1.812
1.312 1.812
1.375 1.812
1.375 1.812
1.375 1.812
1.312 1.812
1.312 1.875
1.312 1.875
1.375 1.875
1.375 1.875
1.375 1.875
1.375 1.875
1.375 1.937
1.375 1.937
1.375 1.937
1.437 1.937
1.437 1.937
1.437 1.937
1.437 1.937
1.437 2.0
1.437 2.0
1.437 2.0
1.5 2.0
1.5 2.0
1.5 2.0
1.5 2.0
1.5 2.062
1.5 2.062
1.5 2.062
1.5 2.062
1.5 2.062
1.562 2.062
1.562 2.062
1.562 2.125
1.562 2.125
1.562 2.125
1.625 2.125
1.562 2.125
1.562 2.125
1.625 2.125
1.625 2.187
1.625 2.187
1.625 2.187
1.625 2.187
1.625 2.187
1.625 2.187
1.687 2.187
1.687 2.25
1.687 2.25
1.687 2.25
1.687 2.25
1.687 2.25
1.687 2.25
1.75 2.25
1.75 2.312
1.75 2.312
1.812 2.312
1.812 2.312
1.75 2.312
1.75 2.312
1.75 2.312
1.75 2.375
1.75 2.375
1.75 2.375
1.812 2.375
1.812 2.375
1.812 2.437
1.812 2.437
1.812 2.375
1.812 2.437
1.875 2.437
1.875 2.437
1.875 2.5
1.875 2.5
1.875 2.5
1.875 2.5
1.875 2.5
1.875 2.5
1.937 2.5
1.937 2.5
1.937 2.562
1.937 2.562
1.937 2.562
1.937 2.562
1.937 2.562
1.937 2.562
2.0 2.625
2.0 2.562
2.0 2.625
2.0 2.625
2.0 2.625
2.0 2.625
2.0 2.625
2.062 2.625
2.062 2.625
2.062 2.687
2.062 2.687
2.062 2.687
2.062 2.687
2.062 2.687
2.062 2.687
2.125 2.75
2.125 2.75
2.125 2.75
2.125 2.75
2.125 2.75
2.125 2.75
2.125 2.75
2.125 2.75
2.187 2.75
2.187 2.812
2.187 2.812
2.187 2.812
2.187 2.812
2.187 2.812
2.187 2.812
2.25 2.812
2.25 2.875
2.25 2.875
2.25 2.875
2.25 2.937
2.25 2.937
2.25 2.937
2.25 3.0
2.312 3.0
2.312 3.0
2.312 3.0
2.312 3.062
2.312 3.062
2.312 3.062
2.375 3.125
2.375 3.125
